lat=53.544388
lon=-113.490929